  -5.21386 -4.80671 -4.39956 -3.99241 -3.58526 -3.17811 -2.77096 -2.36381 -1.95666 -1.54951 -1.14236 -0.735215 -0.328066 0.0790827 0.486232 0.893381 1.30053 1.70768 2.11483 2.52198 2.92913 3.33628 3.74342 4.15057 4.55772 4.96487 5.37202 5.77917 6.18632 6.59347 7.00062 7.40777 7.81492 
  -4.09355 -3.84372 -3.59389 -3.34406 -3.09423 -2.8444 -2.59456 -2.34473 -2.0949 -1.84507 -1.59524 -1.34541 -1.09558 -0.845748 -0.595917 -0.346086 -0.0962549 0.153576 0.403407 0.653238 0.903069 1.1529 1.40273 1.65256 1.90239 2.15222 2.40205 2.65189 2.90172 3.15155 3.40138 3.65121 3.90104 
12.7 12.7 12.7 12.7 12.7 12.7 12.7 12.7 12.7 12.7 12.7 12.7 12.7 12.7 12.7 12.7 12.7 12.7 12.7 12.7 12.7 12.7 12.7 12.7 12.7 11.6 12.7 11.6 12.7 12.7 12.7 12.7 
 12.7 12.7 12.7 12.7 12.7 12.7 12.7 12.7 12.7 12.7 12.7 12.7 12.7 12.7 12.7 12.7 12.7 12.7 12.7 12.7 12.7 12.7 11.6 12.7 11.6 12.7 12.7 11.6 11.6 12.7 12.7 12.7 
 12.7 12.7 12.7 12.7 12.7 12.7 12.7 12.7 12.7 12.7 12.7 12.7 12.7 12.7 12.7 12.7 12.7 12.7 12.7 12.7 12.7 12.7 11.6 12.7 10 7.91 12.7 10 11.6 12.7 12.7 12.7 
 12.7 12.7 12.7 12.7 12.7 12.7 12.7 12.7 12.7 12.7 12.7 11.6 12.7 11.6 12.7 12.7 12.7 12.7 12.7 12.7 12.7 12.7 11.6 12.7 8.43 8.43 8.96 8.96 12.7 12.7 12.7 12.7 
 12.7 12.7 12.7 12.7 12.7 12.7 12.7 12.7 12.7 12.7 10 10 8.43 10 12.7 12.7 12.7 12.7 11.6 12.7 11.6 10 6.33 8.43 5.8 6.33 6.33 10 12.7 12.7 12.7 12.7 
 12.7 12.7 12.7 12.7 12.7 12.7 12.7 12.7 12.7 12.7 10 10 10 8.43 8.43 12.7 12.7 12.7 12.7 11.6 11.6 6.85 5.27 4.74 4.74 4.74 6.33 8.96 11.6 11.6 12.7 12.7 
 12.7 12.7 12.7 12.7 12.7 12.7 12.7 12.7 12.7 12.7 6.85 6.85 8.96 8.96 11.6 10 12.7 12.7 12.7 11.6 7.38 5.8 4.74 4.22 3.69 4.22 5.8 7.91 10 12.7 12.7 12.7 
 12.7 12.7 12.7 12.7 12.7 12.7 12.7 12.7 10 8.96 6.33 5.8 5.27 8.43 7.91 10 12.7 12.7 8.43 6.33 5.8 3.69 4.22 3.16 3.69 2.64 3.69 6.85 11.6 12.7 12.7 12.7 
 12.7 12.7 12.7 12.7 12.7 12.7 10 11.6 8.96 5.8 4.74 4.74 5.27 6.33 8.96 11.6 12.7 8.96 8.96 6.85 4.22 3.16 3.16 2.64 2.11 2.64 4.22 7.91 11.6 11.6 12.7 12.7 
 12.7 12.7 12.7 12.7 12.7 12.7 12.7 7.91 5.8 4.22 4.22 3.69 3.69 4.74 6.85 8.43 12.7 8.96 7.38 4.22 3.16 1.05 1.05 1.58 2.64 4.22 6.33 8.96 7.91 11.6 12.7 12.7 
 12.7 12.7 12.7 12.7 12.7 11.6 8.43 5.8 3.69 3.16 2.64 2.64 3.69 4.22 5.27 7.91 8.96 7.91 3.69 2.64 2.64 1.05 1.05 1.05 2.11 3.69 4.74 8.43 12.7 12.7 12.7 12.7 
 12.7 12.7 12.7 12.7 11.6 8.96 8.96 4.74 3.16 2.64 2.11 2.11 3.16 4.74 5.27 6.33 8.43 4.22 3.69 1.58 0.527 1.05 1.05 1.58 2.11 4.22 5.8 7.91 8.96 12.7 12.7 11.6 
 12.7 12.7 11.6 12.7 11.6 7.38 5.8 3.69 2.11 1.05 1.05 1.58 3.16 5.27 6.33 5.8 4.74 2.64 1.58 0.527 0.527 0.527 1.05 1.58 2.64 3.69 7.38 8.96 11.6 12.7 12.7 12.7 
 12.7 12.7 12.7 11.6 10 5.27 4.74 2.11 1.05 1.58 1.05 1.58 2.11 4.22 6.33 5.27 4.22 2.64 1.05 0.527 0 0.527 1.05 1.05 2.64 4.74 7.91 12.7 10 11.6 12.7 12.7 
 12.7 12.7 12.7 11.6 8.43 5.27 2.64 1.05 1.05 0.527 1.58 1.05 3.16 4.22 5.27 3.69 3.16 2.11 0.527 1.05 0 0.527 1.05 2.64 3.69 6.33 7.91 10 12.7 12.7 12.7 12.7 
 12.7 12.7 11.6 8.43 7.91 4.22 2.64 1.58 0.527 0.527 0.527 1.58 2.64 3.69 3.16 3.16 2.11 1.05 0.527 0 0.527 1.05 1.05 2.11 4.22 6.33 10 10 12.7 12.7 12.7 12.7 
 12.7 12.7 12.7 8.43 7.38 4.74 2.11 0.527 1.05 0.527 1.05 2.11 3.16 3.16 3.16 3.16 2.64 1.05 0.527 1.05 0.527 2.11 2.11 4.22 6.33 11.6 10 12.7 12.7 12.7 12.7 12.7 
 12.7 11.6 10 8.43 5.27 3.16 2.64 1.05 1.05 0.527 1.58 1.58 2.11 2.64 3.69 2.11 1.58 1.05 0.527 1.05 1.58 1.58 2.64 5.27 7.38 11.6 12.7 12.7 12.7 12.7 12.7 12.7 
 12.7 11.6 11.6 8.96 5.27 3.69 2.11 1.58 1.58 1.05 2.11 1.58 2.11 3.16 2.64 2.11 0.527 1.58 0.527 1.58 2.11 3.16 5.27 6.33 10 12.7 12.7 12.7 12.7 12.7 12.7 12.7 
 12.7 12.7 10 8.43 4.74 4.22 3.69 2.11 3.16 2.11 2.11 2.11 2.64 4.74 3.16 1.58 1.05 1.58 1.58 2.64 3.16 4.22 6.85 7.38 12.7 12.7 12.7 12.7 12.7 12.7 12.7 12.7 
 12.7 12.7 11.6 7.91 6.33 4.74 3.69 3.69 3.69 2.64 1.58 2.11 3.16 3.16 2.11 2.11 2.11 2.11 1.58 2.64 5.27 6.33 10 11.6 11.6 12.7 12.7 12.7 12.7 12.7 12.7 12.7 
 11.6 12.7 12.7 10 7.38 4.74 5.27 4.74 3.69 3.69 3.16 3.16 4.22 4.22 2.64 2.11 1.58 2.11 3.16 4.22 6.33 8.96 11.6 10 12.7 12.7 12.7 12.7 12.7 12.7 12.7 12.7 
 12.7 12.7 12.7 11.6 8.43 7.38 6.85 6.85 4.22 4.22 4.74 4.74 5.8 4.74 4.22 3.16 4.22 3.69 5.27 5.8 7.91 10 12.7 12.7 12.7 12.7 12.7 12.7 12.7 12.7 12.7 12.7 
 11.6 12.7 8.96 11.6 10 7.38 8.43 8.43 4.74 7.38 4.74 4.74 5.8 4.74 3.69 3.69 4.22 3.69 6.33 5.8 11.6 11.6 12.7 12.7 12.7 12.7 12.7 12.7 12.7 12.7 12.7 12.7 
 12.7 11.6 8.96 8.96 11.6 8.96 8.43 11.6 7.38 6.85 7.91 8.43 6.85 6.33 4.74 3.16 4.74 6.33 10 11.6 10 11.6 12.7 12.7 12.7 12.7 12.7 12.7 12.7 12.7 12.7 12.7 
 12.7 12.7 10 11.6 10 11.6 11.6 12.7 8.96 8.96 8.96 7.91 6.33 4.74 4.74 7.38 6.85 8.43 11.6 11.6 11.6 12.7 12.7 12.7 12.7 12.7 12.7 12.7 12.7 12.7 12.7 12.7 
 12.7 12.7 12.7 10 12.7 12.7 12.7 11.6 8.43 10 12.7 10 12.7 6.33 6.85 7.38 11.6 10 11.6 12.7 12.7 12.7 12.7 12.7 12.7 12.7 12.7 12.7 12.7 12.7 12.7 12.7 
 12.7 11.6 11.6 11.6 11.6 12.7 12.7 12.7 12.7 11.6 12.7 11.6 10 8.96 10 10 12.7 12.7 12.7 12.7 12.7 12.7 12.7 12.7 12.7 12.7 12.7 12.7 12.7 12.7 12.7 12.7 
 12.7 12.7 12.7 12.7 12.7 12.7 12.7 11.6 12.7 12.7 11.6 12.7 12.7 10 10 11.6 8.96 12.7 12.7 12.7 12.7 12.7 12.7 12.7 12.7 12.7 12.7 12.7 12.7 12.7 12.7 12.7 
 12.7 12.7 12.7 12.7 12.7 12.7 12.7 12.7 12.7 12.7 12.7 12.7 12.7 11.6 12.7 12.7 12.7 11.6 12.7 12.7 12.7 12.7 12.7 12.7 12.7 12.7 12.7 12.7 12.7 12.7 12.7 12.7 
 12.7 12.7 11.6 11.6 12.7 12.7 12.7 12.7 12.7 12.7 12.7 12.7 12.7 12.7 12.7 12.7 12.7 12.7 12.7 12.7 12.7 12.7 12.7 12.7 12.7 12.7 12.7 12.7 12.7 12.7 12.7 12.7 
 12.7 12.7 12.7 12.7 12.7 12.7 12.7 12.7 12.7 12.7 12.7 12.7 12.7 12.7 12.7 11.6 12.7 12.7 12.7 12.7 12.7 12.7 12.7 12.7 12.7 12.7 12.7 12.7 12.7 12.7 12.7 12.7 
 